1199
1838
988
1783
1133
852
1079
198
1021
1997
1742
1392
874
2000
879
1643
409
1296
1200
1794
332
184
874
225
1039
2074
828
692
364
865
1152
662
117
1952
466
492
80
1611
2136
1600
1001
631
1127
1093
225
246
1459
1078
1965
1022
613
417
1822
1236
1631
1677
1929
1154
57
1892
48
1751
755
854
1216
1678
1575
1882
193
1887
1677
1693
678
1281
1096
1509
969
1124
1165
2080
54
1747
635
47
1521
514
230
955
1302
583
665
391
862
671
904
1858
596
1865
622
607
1313
2002
2048
1670
1853
1507
153
1624
1315
325
318
972
1258
821
998
410
831
605
473
837
1827
1710
1471
476
1909
1456
1028
1853
2047
1781
416
1974
1686
384
1819
690
1772
1779
1
1330
1692
1344
252
1111
864
315
1981
129
1864
2065
1109
1296
45
1199
412
921
1885
1746
1242
1933
1894
733
1931
1730
2047
1638
269
56
46
1615
2012
1000
508
149
917
1890
1273
1497
70
547
1109
1771
1520
1972
1718
441
563
1263
1690
708
1307
735
836
1877
1258
861
1276
1952
196
1231
640
1559
1586
138
449
1440
1891
1608
1307
440
1773
735
62
174
536
1920
431
107
1459
345
50
1832
1236
738
1314
1882
1779
552
77
466
41
657
983
2112
1242
107
1362
965
519
1427
891
478
598
657
1886
1913
995
23
336
1685
1633
186
686
2129
59
1668
742
1167
2013
1147
690
765
1033
1222
871
1412
1369
959
742
276
431
2119
687
1434
1348
797
2050
776
1703
518
576
1310
1886
1846
325
1633
515
816
1193
1163
1186
1016
1290
1029
1920
1210
852
109
98
1285
1478
715
1842
37
1915
1081
1040
235
1667
989
660
396
803
736
1817
1515
2042
27
1273
504
1645
20
778
1618
616
303
2110
863
917
1623
1747
209
1953
613
1882
100
815
801
1831
973
1299
2020
415
850
140
82
1693
944
258
1828
1598
639
487
655
2038
340
643
32
2033
1549
964
604
861
658
817
1004
92
1643
1942
342
1019
1356
519
623
1867
1017
1808
65
943
1514
1693
85
1868
2081
1754
694
112
343
784
295
954
885
893
194
1895
590
64
435
635
735